0000000000000000000000000000000000000000000000000000000000000000
10410310210110010210310410510510510501051051050000105000000000000000000000000000205205205205205205205205204203202201200202203204
10410310210110010210310410510510510501051051050000105000000000000000020500000000002052052052052050205205204203202201200202203204
10410310210110010210310401051051050105105105105000105000000000000000020500000000002052052052052050205205204203202201200202203204
10410310210110010210310401051051050105105105105000105000000000000000020500000205000020520520502050205205204203202201200202203204
10410310210110010210310401051050010510510510500105105000000000000000020500000205000020520520502050205205204203202201200202203204
10410310210110010210310401051050010510510510500105105000000000000020500205000002050000205205002050205205204203202201200202203204
10410310210110010210310401050001051051051050105105105000000000000020500205000002050000205205002050205205204203202201200202203204
10410310210110010210310401050001051051051050105105105000000000000020502052050000020500002052050000205205204203202201200202203204
10410310210110010201040105000105105105105010510510500103000000000020502052050000020500002052050000205205204203202201200202203204
10410310210110010201040105000105105105105010510510500103000000000020502052050205000205000020520500002050204203202201200202203204
10410310201001020104010501010105105105105010510510500103000000000020502052050205000205000020520500002050204203202201200202203204
10410310201001020104010501010105105105105010510510500103000020500000205002050205000205000020520500002050204203202201200202203204
10410310201001020104010501010105105105105010510510500000002051030000205002050205000205000020520500002050204203202201200202203204
104103102010010201040105010101051051051050105205105000000001030000205002050205000205000020520500002050204203202201200202203204
1041031020100102010401050101010510510510501051031050000000000000205002050205000205000020520500002050204203202201200202203204
1041031020100102010401050101010510510510501051031050000000000000205205020502050000000020520500002050204203202201200202203204
1041031020100001040105010110210510510510501051031050000000000000205205020502050000000020520500002050204203202201200202203204
1041031020100001040105010110210510510510501051031050000000000002052052050205020500000000205000002050204203202201200202203204
1041031020100001040105010110210510501050105103105001050000000002052052050205020500000000205000002050204203202201200202203204
